    862, 512200, 15602, 31357, 11862, 949, 6620, 45325, 9091, 710, 9087, 12110, 21032, 301348, 1408, 524, 4584, 5, 9273, 11517, 8012, 1710, 9691, 12665, 451,
    47697, 9263, 13949, 902, 37557, 9909, 63, 9598, 687, 33689, 9603, 9768, 31174, 11443, 35196, 664767, 577, 11861, 11321, 10530, 8391, 629, 11448, 49133, 26441,
    13159, 9089, 9922, 11359, 17182, 2054, 10607, 19760, 9536, 11525, 4482, 10634, 755, 38363, 9981, 586863, 20927, 36929, 9102, 124626, 27526, 9623, 46785, 400, 880,
    146599, 8447, 10534, 17414, 13997, 2086, 9095, 12158, 9283, 9208, 40154, 470044, 63076, 11062, 13685, 47475, 418437, 9614, 688, 483879, 10874, 89333, 197, 103, 33542,
    43566, 51352, 16934, 10324, 78406, 32119, 11066, 11104, 2074, 27793, 290157, 110972, 11863, 9101, 9895, 9302, 11000, 16388, 38700, 30765, 10474, 22279, 515333, 568, 11780,
    34996, 414, 649, 1873, 5894, 1775, 8839, 20649, 10329, 8963, 26564, 8068, 8512, 1572, 13552, 6520, 9073, 10428, 17447, 9886, 9482, 19326, 10054, 9071, 8973, 15730, 28261,
    2293, 9070, 48787, 34574, 1642, 11472, 25633, 11980, 269492, 72387, 10533, 10802, 10149, 18402, 9348, 281, 5967, 47939, 36834, 9090, 3512, 52856, 77350, 9560, 9804, 31611,
    86593, 49805, 26258, 50797, 651980, 76, 11017, 419479, 9382, 6715, 18256, 22625, 2292, 1909, 8984, 4954, 62488, 10531, 11929, 8467, 10451, 20156, 18395, 522, 397, 10525,
    27985, 15789, 27303, 21183, 10954, 47867, 14275, 1024, 17207, 13701, 14819, 10632, 11777, 628, 87729, 18713, 6280, 9061, 37108, 6071, 11, 331482, 19101, 49980, 18183, 4476,
    11008, 32325, 43742, 28313, 11318, 305045, 13498, 24070, 8986, 11881, 17402, 445629, 8438, 11593, 1945, 39310, 109560, 56428, 131957, 241, 9058, 527, 18220, 6950, 101,
    63020, 2307, 680, 25296, 38321, 11450, 30304, 10452, 12106, 161495, 3586, 110, 108, 109, 36357, 92769, 28033, 22586, 14334, 2636, 2164, 11395, 278, 9905, 87078, 12527,
    20306, 36614, 27993, 470114, 9067, 9059, 193, 25066, 46797, 12122, 11381, 32636, 36141, 27115, 1587, 9271, 2064, 299536, 60855, 236, 48287, 3049, 2759, 12635, 10497,
    11382, 9331, 10731, 10464, 34152, 9495, 29973, 888, 13, 712, 16295, 48992, 10879, 10660, 278927, 1585, 420818, 1689, 11596, 854, 9359, 23333, 36593, 286565, 2788, 10427,
    73961, 8987, 1637, 15128, 8831, 36955, 10449, 10395, 12160, 3132, 52038, 29444, 26352, 38700, 41580, 315, 22067, 11667, 8011, 171857, 2654, 18069, 19092, 2758, 10436,
    13595, 46094, 9409, 11853, 5038, 46924, 11041, 306, 14522, 294308, 178, 19819, 57834, 4722, 18215, 1607, 26391, 117553, 6075, 11310, 18658, 9350, 9612, 2124, 26261, 19176,
    11566, 9571, 9739, 34444, 26141, 10997, 10443, 20239, 16297, 18551, 25440, 9024, 37233, 1634, 13815, 5503, 35588, 146227, 41579, 18620, 2019, 9255, 26271, 10612, 2259,
    16097, 11934, 106143, 12475, 9386, 7984, 59930, 15765, 31643, 6, 329, 10909, 507, 14597, 9593, 42580, 22317, 1413, 12121, 2246, 10502, 10440, 9516, 2320, 474872, 83718,
    91739, 31911, 788, 433251, 11231, 192141, 213, 9300, 9559, 9800, 713, 8291, 271736, 25557, 22588, 10872, 1245, 11858, 7007, 10467, 5550, 8005, 2088, 10412, 47889, 14534,
    41878, 424, 9319, 14291, 11236, 11592, 8850, 10445, 695, 43535, 12519, 23210, 858, 867, 335984, 13203, 10442, 11074, 9607, 17585, 9057, 20967, 10635, 9479, 23566, 11969,
    319, 323272, 15139, 11446, 51980, 24405, 8223, 14587, 31504, 19603, 17600, 10897, 21352, 351964, 37345, 32562, 418647, 9066, 12536, 251, 420817, 280, 581, 272, 274, 408,
    321612, 10895, 114, 576, 15477, 124472, 7300, 10824, 275, 25059, 11827, 8766, 23570, 47333, 51242, 10112, 4307, 46029, 522, 28121, 12520, 1592, 19042, 38884, 47449,
    36259, 41852, 40926, 9099, 2021, 61752, 10988, 12652, 10684, 353081, 68445, 18989, 8840, 11107, 10539, 1598, 18414, 509967, 11690, 468089, 896, 3065, 2300, 8069, 27768,
    221917, 8072, 33245, 27281, 40001, 348350, 20762, 10354, 12656, 38867, 25969, 38700, 926, 29649, 10990, 8866, 12233, 23449, 36355, 922, 11876, 199423, 9304, 503475,
    73183, 9100, 20759, 9816, 32513, 36915, 463870, 21588, 664, 11867, 9323, 10280, 10535, 532, 16299, 329865, 935, 40751, 85778, 11101, 152259, 9879, 11827, 75780,
    26890, 77771, 569375, 627, 32872, 602, 14553, 9566, 10545, 9894, 11543, 9268, 9327, 81949, 41597, 44535, 11228, 10779, 26748, 38223, 9294, 49963, 11363, 1645, 31546,
    15198, 18550, 11511, 34170, 12606, 21407, 12632, 18975, 11962, 2925, 3595, 9308, 18555, 12123, 10830, 556678, 10546, 18862, 31417, 9431, 47907, 10061, 549, 10478,
    238, 10295, 9303, 23945, 22479, 9054, 11676, 10295, 11015, 9306, 12559, 58770, 3587, 10723, 19004, 127413, 10987, 331098, 20318, 26933, 27854, 981, 872, 2769, 13320,
    164, 426, 567, 3078, 13528, 28288, 213, 11962, 239, 4808, 289, 963, 11113, 6620, 804, 19101, 909, 630, 770, 31044, 664159, 15, 62, 705, 331482, 223, 25670, 303,
    4174, 8356, 381, 11846, 29376, 1859, 18299, 17281, 10907, 32093, 1939, 22292, 3598, 3080, 198, 13562, 1712, 220, 3529, 3085, 10204, 1585, 3083, 900, 43795, 43905,
    38602, 40206, 260, 19185, 488, 51939, 261, 32574, 22649, 255837, 31152, 40886, 85328, 11076, 586586, 58985, 10861, 1770, 299536, 18203, 9333, 9400, 9401, 11306,
    9625, 10680, 672, 18660, 50717, 239033, 14136, 10869, 22660, 9820, 31102, 6878, 10067, 18444, 20723, 173185, 864, 24795, 11224, 81310, 15947, 9078, 8367, 433,
    329996, 294272, 12335, 12155, 10948, 11229, 15121, 562, 10163, 2761, 11159, 9591, 30500, 10938, 11412, 10586, 42314, 27845, 23223, 49471, 38153, 25147, 9716, 454, 10218, 819, 11238, 4380, 423878, 252, 16372, 11561, 11302, 623, 583, 12614, 21711, 11575, 475, 79775, 521, 88, 500, 792, 8491, 402, 10215, 11386, 9504, 15764, 601, 14813, 2119, 744, 221, 702, 25750, 10642, 9305, 37616, 712, 26817, 545082, 116844, 1630, 26626, 279361, 11816, 11843, 10379, 2756, 790, 1103, 11298, 4480, 4481, 10765, 762, 44497, 99479, 124829, 10548, 531, 4483, 18919, 61461, 659, 30892, 86369, 89403, 36555, 10608, 11216, 7452, 892, 1600, 26561, 975, 18129, 54405, 409, 38251, 10161, 225886, 41768, 10409, 14285, 2469, 10174, 31225, 510, 11455, 1891, 2493, 85, 68, 679, 521777, 13446, 389, 947, 185, 595, 28, 412610, 1892, 436050, 1092, 769, 348, 766, 579155, 47942, 399402, 539, 525, 240, 600, 530, 10705, 279, 3109, 311, 1578, 703, 9549, 621300, 387, 9277, 343, 44945, 490, 11235, 87101, 9053, 9665, 18971, 696, 379, 207, 37247, 1480, 9322, 826, 537374, 829, 10200, 3090, 9964, 3063, 13667, 694, 235, 521, 765, 5925, 11778, 4485, 137, 33, 14462, 8428, 212, 105, 1633, 11202, 1554, 404579, 8009, 903, 11673, 3034, 339, 10404, 914, 756, 288, 910, 2640, 16633, 665, 11031, 11314, 15143, 89, 10322, 783, 10644, 11257, 14370, 12104, 72477, 8816, 830, 2323, 983, 642, 665052, 696683, 639, 30180, 41801, 18762, 348, 814, 41671, 27214, 52263, 33519, 16235, 10065, 41848, 25944, 24913, 49126, 662072, 571, 9599, 37843, 32146, 30346, 6114, 229, 13549, 9529, 1598, 1598, 7340, 6217, 377, 6404, 28198, 794, 31640, 8744, 25189, 145, 2212, 199, 7863, 12498, 9279, 17204, 21539, 12709, 20539, 11674, 1573, 152, 174, 172, 154, 157, 168, 364, 11967, 9086, 621, 9037, 10173, 8845, 578, 579, 17692, 17795, 75, 13891, 9390, 378, 10896, 2322, 41240, 26949, 9819, 31908, 3179, 1802, 4232, 9361, 2928, 23383, 58102, 18451, 381283, 449443, 8818, 36758, 36040, 9415, 42449, 12145, 42424, 34314, 110299, 138947, 277, 9622, 8860, 14832, 9619, 40506, 31000, 4104, 26306, 14908, 784, 12489, 16448, 17894, 28054, 17949, 1968, 426618, 66, 20723, 11419, 638, 25624, 9366, 21915, 85435, 9446, 28005, 9403, 27322, 463906, 9311, 1640, 49806, 1624, 16052, 4477, 24662, 18423, 76996, 6499, 96724, 9405, 12723, 9360, 9434, 11355, 13982, 77223, 9611, 47694, 10357, 9977, 816, 2163, 13337, 12499, 18, 98568, 354859, 4380, 2058, 9450, 330, 38523, 16375, 33660, 45671, 17770, 36133, 1701, 26422, 1639, 415, 65889, 11103, 184315, 8874, 190262, 190969, 754, 167581, 607, 18080, 38225, 17834, 686, 65046, 4421, 9387, 10603, 2142, 8413, 10336, 20737, 9413, 14585, 49462, 8834, 9458, 39254, 38295, 22073, 37244, 4961, 9416, 26180, 17832, 9772, 614365, 1669, 468, 18030, 108401, 10806, 137113, 6623, 2118, 978, 9437, 29461, 10351, 66588, 396371, 14289, 10155, 501689, 399173, 55306, 68924, 2255, 9427, 659450, 17589, 3597, 1813, 504608, 12628, 33344, 384018, 45019, 422179, 782, 29911, 9827, 1959, 8067, 125052, 45153, 10871, 14398, 10890, 1281, 9770, 14905, 14583, 11975, 4995, 9281, 17413, 563, 61337, 19931, 31535, 10215, 9823, 37165, 45609, 38904, 6023, 9407, 4824, 9444, 9414, 8078, 11831, 424121, 39177, 505579, 22797, 2639, 9574, 10371, 489, 9714, 8197, 620460, 4233, 414525, 10217, 597, 714, 9922, 547, 184, 9746, 9438, 115, 26941, 27103, 14320, 32302, 12538, 586, 2666, 11258, 9490, 423204, 25719, 20706, 21253, 6116, 9457, 39424, 11702, 2923, 12238, 11568, 11003, 10153, 30949, 2898, 9558, 8966, 11808, 6970, 47452, 253412, 376570, 10668, 9313, 42807, 617, 36568, 4551, 44296, 9440, 32911, 32456, 17127, 17133, 19848, 17644, 1774, 30265, 2157, 8838, 29193, 795, 16980, 27472, 47881, 9469, 12488, 267, 16148, 9449, 31220, 13907, 29825, 226735, 30020, 163110, 10216, 9771, 9448, 38618, 411201, 586863, 55561, 8656, 18937, 124905, 9452, 1878, 9844, 14342, 9715, 320, 6282, 1965, 243198, 6068, 15037, 37636, 21334, 32284, 37410, 53765, 10674, 289015, 12655, 18843, 1389, 11020, 20862, 9464, 95, 944, 468735, 11551, 87827, 19265, 544, 10513, 65203, 143, 9023, 33680, 12311, 43277, 43278, 34106, 27367, 17661, 28580, 887, 33667, 23383, 25430, 11426, 654, 15919, 1725, 5769, 874, 10633, 17917, 3116, 1051, 1366, 12102, 16619, 9443, 11050, 606, 746, 380, 403, 11485, 466, 13820, 15389, 13597, 2108, 10014, 10072, 10131, 10160, 11284, 13207, 9725, 498334, 9730, 9731, 10225, 10281, 10283, 948, 11281, 10676, 11357, 11361, 8617, 41769, 10585, 11186, 11187, 243688, 11133, 10306, 9552, 11586, 11587, 941, 942, 943, 927, 928, 9340, 9342, 38509, 36791, 12101, 19, 165, 196, 551, 10330, 17984, 22328, 25898, 3170, 535470, 859, 841, 11051, 242, 174188, 9769, 9424, 9835, 857, 20173, 10957, 9570, 16249, 13962, 14612, 19378, 29228, 19379, 11164, 18887, 40866, 10122, 9994, 12129, 14140, 10439, 10028, 10028, 28736, 34774, 6878, 9631, 9820, 14013, 1779, 10849, 678, 907, 5961, 47908, 42121, 2887, 11974, 20348, 468518, 11911, 793, 35144, 278927, 10340, 385448, 10680, 10437, 15300, 11674, 10601, 11335, 11135, 11319, 14822, 15969, 13155, 10249, 15943, 10882, 24808, 19762, 13850, 2619, 53565, 41841, 27332, 20526, 10419, 11675, 2107, 6471, 9442, 11591, 13697, 227, 87, 121, 464052, 11336, 9980, 10657, 10489, 10823, 11497, 481084, 9454, 8688, 23954, 12761, 396, 360606, 11814, 3050, 9327, 15171, 11837, 11704, 11639, 4978, 10380, 11976, 15144, 11522, 11557, 13853, 59961, 37530, 8393, 11937, 21661, 24428, 33644, 14662, 138222, 10692, 805, 27793, 34636, 2182, 28070, 77469, 10278, 335984, 14557, 9417, 41469, 19381, 4011, 7551, 1580, 5854, 573, 2370, 5780, 506, 22527, 574, 11219, 30159, 845, 1978, 3682, 46702, 847, 117, 14577, 37498, 31667, 13321, 21734, 31997, 787, 10562, 31995, 940, 144336, 2761, 574, 565, 2760, 10220, 431, 22796, 12779, 21873, 21500, 12626, 37818, 3525, 2321, 2028, 16384, 177572, 11597, 47947, 48311, 44772, 14347, 41090, 18282, 18169, 11082, 5971, 11933, 20096, 30815, 881, 4478, 22318, 53113, 2109, 24746, 8195, 9877, 26618, 21132, 11855, 24016, 3486, 11071, 1091, 333339, 11337, 162, 25723, 8916, 28134, 9429, 12159, 27791, 30197, 10156, 10377, 3121, 4975, 9713, 134368, 13370, 4437, 1890, 1955, 39437, 11932, 6435, 10683, 9445, 2657, 9425, 365240, 242593, 8675, 20701, 9945, 73, 18603, 46889, 12888, 3033, 8845, 10663, 4518, 1808, 3600, 17037, 297, 21589, 11893, 12223, 32081, 14924, 10002, 41817, 19426, 12560, 9798, 14444, 9487, 9466, 547239, 2042, 10162, 137366, 692, 24018, 124905, 39256, 686487, 254, 254, 31947, 8130, 11532, 9749, 14628, 9626, 13698, 10466, 707, 11954, 9336, 10157, 12118, 10587, 11825, 11895, 9447, 12257, 10029, 27104, 539, 8545, 10223, 9745, 200, 9837, 11545, 1934, 11881, 13764, 24951, 8879, 1369, 1368, 1370, 10303, 9326, 10328, 11285, 1367, 1371, 1374, 1375, 15196, 11904, 215875, 15596, 13818, 29968, 44326, 38575, 38575, 38575, 5825, 9489, 585311, 8741, 9276, 9822, 9822, 10312, 9441, 9422, 24525, 10368, 31662, 46992, 825, 15556, 28902, 14709, 9423, 10658, 355193, 24086, 9426, 9426, 10344, 7304, 2620, 9373, 16337, 16780, 12151, 33278, 192, 10945, 10013, 9671, 9396, 11038, 12278, 11873, 18588, 10015, 12715, 8388, 8129, 1618, 112238, 10314, 11167, 2112, 16172, 111794, 9524, 1665, 16306, 11622, 10207, 9849, 18892, 13466, 1542, 49069, 15256, 8224, 18417, 1847, 42113, 157433, 10906, 25748, 25749, 8769, 14742, 7227, 27932, 7227, 10670, 5919, 33518, 40160, 2362, 10803, 871, 1685, 1705, 1688, 1687, 113148, 302666, 31638, 113286, 9535, 9455, 796, 9972, 77936, 30943, 7341, 10350, 11618, 9540, 31503, 12122, 30202, 22345, 1567, 1641, 16520, 10212, 10354, 8583, 16520, 16508, 11374, 16379, 28029, 603, 4951, 9618, 8970, 9840, 30950, 11660, 520765, 11355, 18764, 9465, 1414, 49981, 38700, 114719, 10209, 504, 550286, 6396, 389272, 12596, 9451, 1946, 1844, 6552, 24584, 25471, 28519, 3309, 18462, 28941, 18252, 8592, 564, 390054, 25232, 82108, 53862, 36419, 426277, 1893, 31342, 521527, 8785, 564, 564, 15660, 1924, 8536, 9531, 11411, 6114, 3035, 3076, 3079, 13666, 29794, 9077, 36685, 30168, 10785, 19483, 74, 11549, 18158, 17918, 37305, 18784, 509, 1090, 15059, 402, 11779, 13533, 583755, 817, 14283, 37135, 2275, 24137, 10376, 104, 15800, 9032, 38700, 9421, 55955, 67067, 6488, 9473, 8487, 10279, 2105, 1073, 10239, 10208, 2667, 345, 9825, 620, 2978, 10490, 11618, 332, 8914, 9824, 4806, 33430, 412547, 10056, 967, 9769, 3175, 147, 1628, 21185, 11120, 10136, 32060, 71677, 48259, 873, 608052, 26789, 73585, 512199, 522434, 353081, 10776, 10776, 9710, 420346, 30890, 24081, 20242, 29429, 121986, 8592, 10386, 745, 912, 912, 12229, 67323, 19457, 11353, 17707, 9781, 18212, 13817, 12185, 28501, 25319, 24103, 10552, 9267, 10766, 10768, 813, 2665, 9406, 11418, 11153, 14170, 177572, 11077, 28597, 22611, 39780, 10396, 9944, 850, 10154, 10342, 10366, 9349, 86976, 22314, 45612, 11037, 11955, 2038, 28737, 11963, 23383, 9096, 533509, 1911, 2900, 17709, 37718, 2162, 14578, 40694, 49184, 10307, 11601, 24106, 21719, 47951, 43832, 47697, 19761, 26522, 28295, 12105, 14, 24128, 11001, 10390, 40084, 704, 142132, 24153, 11797, 18086, 17887, 10669, 11527, 40867, 1049, 28032, 11326, 28377, 10975, 10974, 10398, 2290, 24071, 62994, 60994, 16112, 32305, 14429, 514999, 6415, 59507, 21430, 10381, 26338, 60285, 5622, 10349, 38745, 29787, 9638, 10576, 12662, 11712, 12618, 13824, 226, 10388, 9346, 861, 14412, 9377, 11541, 11901, 4929, 12207, 48614, 2976, 851, 24453, 18254, 36827, 20123, 16642, 3086, 16305, 32255, 19997, 3767, 17352, 535, 2731, 1654, 14831, 658, 657, 646, 115290, 391, 10760, 772, 31650, 550, 12220, 11431, 42881, 29064, 404, 532814, 36819, 184791, 9343, 16858, 42006, 11562, 10496, 138222, 8649, 31306, 10563, 14484, 4643, 15247, 294544, 5548, 5549, 856, 38772, 699, 709, 253, 13511, 660, 15856, 26149, 492, 128, 8672, 8056, 12309, 9481, 9008, 14242, 23830, 11489, 28145, 18111, 31361, 11223, 16281, 16288, 1694, 476, 37094, 590009, 585311, 24831, 25560, 21610, 11878, 11510, 11234, 957, 375588, 37853, 368421, 11040, 21849, 1621, 14035, 40771, 40772, 40773, 11498, 11790, 29371, 581316, 21349, 1832, 10047, 10228, 47692, 18561, 144953, 11663, 13485, 9289, 9264, 18222, 11165, 4203, 24226, 11379, 29154, 2039, 77915, 11943, 11481, 2690, 20565, 27141, 10399, 2668, 36643, 99, 25898, 9647, 11787, 5156, 24276, 11953, 29005, 26371, 596, 13562, 20334, 241, 31121, 293, 10998, 12235, 36094, 9013, 11005, 59820, 2924, 177, 395834, 13681, 34760, 9946, 863, 31582, 22267, 10411, 20024, 13787, 9684, 9586, 33218, 97675, 21887, 32331, 32669, 18161, 31681, 32274, 10402, 497, 1715, 13056, 25188, 15515, 1439, 2277, 10137, 10387, 49948, 334, 30237, 50116, 46435, 22213, 36492, 624, 26578, 43103, 9563, 1850, 926, 1213, 10471, 10400, 10397, 12524, 28216, 36773, 10219, 210577, 17908, 10384, 284785, 10236, 632, 11851, 433498, 14886, 26617, 10493, 16241, 22160, 9644, 13342, 35119, 14919, 14040, 332562, 2990, 10831, 33078, 16672, 10472, 21489, 13005, 18681, 20468, 10478, 10406, 14741, 1883, 2005, 6279, 11087, 7305, 24735, 9475, 8872, 8873, 11287, 9869, 390043, 9374, 11259, 8293, 11068, 1923, 10158, 10206, 89260, 10086, 9367, 9876, 385922, 16562, 9609, 12143, 4234, 9605, 8374, 430682, 339403, 113096, 24349, 27841, 1907, 15489, 15655, 36210, 30062, 62463, 25934, 14181, 10385, 2787, 2069, 61416, 79515, 597594, 901, 25010, 38575, 28003, 127602, 2155, 11004, 20682, 25166, 1831, 10416, 14271, 4816, 19958, 28569, 2193, 11016, 20423, 24481, 11296, 28172, 458897, 14280, 25781, 73642, 2067, 622, 99627, 12186, 20283, 5693, 287, 968, 838, 16958, 3114, 12501, 31618, 15873, 68427, 18044, 35412, 8333, 19259, 820, 11718, 8989, 32031, 58048, 26827, 11157, 28370, 918, 61178, 11176, 14900, 11899, 18890, 19736, 123047, 24575, 597, 10971, 23928, 462, 9532, 117259, 10009, 53879, 62764, 11570, 1541, 17443, 8469, 27995, 36739, 925, 41823, 1713, 30547, 54825, 395990, 395990, 24873, 26263, 34746, 996, 9079, 98566, 1497, 1499, 60747, 33762, 11690, 29143, 35292, 36652, 801, 224916, 11520, 1879, 2085, 13539, 16222, 109479, 682854, 33516, 9960, 3082, 12187, 24748, 990, 1908, 9764, 840, 42237, 26689, 25673, 2291, 13531, 16620, 526, 13346, 243, 10501, 11478, 879, 85689, 44264, 118098, 1793, 11327, 1700, 54087, 34322, 41659, 2103, 451184, 10083, 29786, 11356, 10747, 10559, 20697, 2621, 10479, 125709, 49721, 13179, 17339, 11305, 9477, 12309, 1552, 106, 10333, 25736, 123757, 170, 1359, 4967, 31776, 10557, 27745, 13776, 26291, 10784, 10242, 16347, 4825, 131631, 10518, 11977, 18041, 14736, 3536, 1443, 10424, 28971, 9456, 889, 10564, 15723, 19600, 125537, 20453, 36234, 39283, 65460, 55667, 381284, 5241, 98, 47724, 11129, 1058, 42159, 207932, 38925, 13105, 22501, 5491, 10560, 238622, 17314, 23383, 17889, 39391, 31516, 5683, 113279, 12518, 10567, 10642, 9285, 10569, 21879, 24918, 955, 8584, 47295, 11332, 16093, 29372, 962, 30588, 668, 23518, 691, 13707, 698, 682, 28973, 28974, 22994, 9600, 38006, 2768, 24920, 21, 10911, 11644, 26912, 26953, 26954, 26956, 26957, 26958, 80287, 91745, 23939, 11072, 495193, 21299, 38802, 13368, 985, 14002, 541, 21137, 36724, 938, 10648, 11368, 10875, 2075, 400710, 360894, 10246, 19698, 23919, 18835, 26554, 15239, 15239, 28169, 15762, 169, 865, 9663, 26889, 10128, 9659, 339133, 9355, 1727, 635, 18167, 11495, 11428, 10117, 35936, 25562, 51763, 73079, 38921, 35463, 16246, 51333, 1272, 23383, 31657, 29204, 8978, 11879, 21128, 486131, 592, 31593, 228150, 14328, 9040, 25364, 43002, 5121, 195, 6978, 3133, 643, 10571, 486131, 7450, 76812, 25636, 7443, 20352, 2024, 17711, 2133, 29946, 28774, 11598, 614817, 9873, 16820, 14864, 15379, 12764, 27352, 8348, 24099, 17897, 16094, 16096, 12706, 38575, 668203, 20770, 25608, 1052, 20540, 13417, 68817, 32275, 246655, 44490, 47585, 36047, 2655, 12599, 93, 9278, 18118, 11940, 160781, 10276, 19380, 13783, 11624, 15867, 11686, 499506, 11830, 12107, 46662, 4997, 10641, 6282, 9383, 5551, 27723, 2360, 465594, 33468, 21866, 183662, 11589, 15158, 16139, 16146, 26515, 11856, 13567, 10860, 61651, 18391, 20850, 27452, 38548, 20438, 46991, 10391, 14195, 15665, 10393, 18168, 168098, 10643, 23618, 37136, 37137, 23283, 3110, 14698, 11694, 9651, 11398, 1588, 14575, 41282, 12211, 10480, 80713, 10685, 1619, 786, 14805, 597594, 46119, 18074, 10562, 12212, 14629, 16, 13785, 451915, 22597, 19348, 10637, 9003, 9064, 11569, 267269, 39113, 469, 2160, 2161, 3073, 911, 10973, 570670, 43109, 9507, 27475, 27764, 27767, 40760, 40446, 24664, 20455, 10461, 10461, 1597, 641, 10687, 63956, 6521, 10763, 16888, 21142, 78140, 2135, 28605, 42797, 13465, 27033, 20367, 71, 1636, 10647, 13762, 12207, 11531, 24100, 458897, 4958, 9678, 11978, 8870, 14295, 681, 11372, 8452, 10862, 8871, 34045, 16340, 10481, 10867, 10876, 9741, 263341, 11849, 11983, 11678, 2669, 151960, 12714, 708, 1857, 10673, 2604, 10132, 11064, 107, 40820, 392, 399131, 11688, 12509, 3981, 711, 328425, 5001, 8358, 375183, 25520, 1493, 134, 21991, 10577, 21355, 29122, 11973, 1900, 175528, 10873, 26719, 196867, 15413, 2623, 10733, 13715, 43258, 10655, 31392, 9989, 18828, 9816, 539364, 530157, 17474, 11191, 2613, 22021, 22048, 17006, 26333, 16723, 2018, 10499, 47943, 74340, 5709, 11215, 26477, 10937, 4639, 96, 90, 11028, 19324, 19933, 12919, 15785, 2142, 17159, 10110, 18935, 109428, 236399, 4918, 28368, 52780, 26156, 34101, 32054, 2614, 12704, 580, 24828, 13703, 518452, 1547, 42010, 2608, 32058, 10019, 11649, 13509, 51521, 8342, 24940, 581203, 10984, 654086, 318, 12806, 9740, 10878, 7093, 16300, 19405, 1921, 44412, 21620, 23685, 12138, 273509, 6073, 25208, 19513, 2749, 10050, 95682, 10881, 32686, 9609, 29492, 25447, 19490, 38805, 2428, 22013, 8849, 62127, 56137, 17965, 7211, 14460, 9594, 4638, 2453, 33676, 4587, 427910, 100279, 38718, 4192, 14052, 16889, 26580, 21309, 16263, 9291, 20704, 853, 10877, 5257, 77, 10833, 20309, 12658, 10054, 10646, 2575, 55, 65075, 44379, 2043, 4133, 56715, 10991, 109491, 26791, 634, 10956, 19366, 9519, 339988, 9290, 13166, 32590, 52654, 298312, 111, 32488, 10477, 2144, 24113, 1734, 4973, 849, 27223, 39266, 11307, 11163, 3784, 3784, 11936, 25221, 19494, 40842, 19357, 434355, 9062, 11174, 934, 9476, 37691, 14268, 5852, 808, 8324, 824, 676, 26813, 29572, 33570, 26255, 1406, 13554, 17664, 445571, 1632, 333484, 301, 11896, 379400, 5923, 15497, 21876, 11848, 21056, 571265, 9705, 26475, 451063, 10364, 32458, 257088, 9967, 17494, 17465, 759, 10297, 10653, 9576, 10865, 1995, 10808, 9799, 644, 16161, 10691, 10615, 295151, 11826, 9301, 353728, 60670, 55551, 10992, 2140, 4248, 17612, 281764, 12155, 22478, 26483, 276337, 11950, 11950, 45212, 26573, 171570, 77560, 11697, 6106, 22477, 19200, 11300, 28650, 43316, 34689, 10238, 4789, 18030, 18988, 11536, 10339, 976, 69605, 65632, 4780, 11906, 264539, 9589, 279115, 46541, 13938, 10540, 289449, 82623, 2114, 8835, 421658, 78248, 9517, 25985, 337170, 24977, 35881, 13794, 13795, 38965, 47817, 31052, 10868, 9395, 14506, 2, 26044, 14911, 15592, 15267, 12710, 30502, 19382, 9599, 17170, 18509, 11709, 7520, 10126, 9602, 23752, 3980, 27397, 9748, 40095, 10651, 10141, 27362, 26386, 25884, 77875, 10675, 10130, 2617, 21362, 20443, 49365, 11347, 12144, 13704, 12505, 41963, 13482, 34014, 12120, 47818, 3543, 9604, 28260, 13965, 24266, 18197, 11503, 11966, 2605, 449459, 124288, 8337, 28176, 9493, 12582, 10001, 11352, 12500, 238751, 1648, 4105, 489928, 19124, 10142, 3064, 10134, 401561, 30352, 15142, 14550, 2210, 21721, 11828, 10551, 20713, 27461, 1380, 11465, 17190, 9085, 17819, 14776, 29185, 32059, 505, 4486, 10345, 10222, 12774, 14621, 19118, 503125, 9494, 17362, 11067, 8216, 4296, 24739, 9686, 27418, 39002, 503619, 37146, 20006, 8867, 331, 11467, 327, 1548, 13403, 871, 552, 6715, 33379, 2171, 41946, 10135, 19236, 60276, 12150, 10007, 47045, 12478, 19904, 65015, 24077, 9618, 31608, 22102, 6951, 11959, 2616, 249, 630, 8494, 26535, 41784, 27431, 2148, 31941, 27813, 2057, 9880, 5175, 392, 11385, 4484, 44258, 20391, 12584, 70042, 11542, 17169, 77949, 19267, 2770, 12610, 1933, 13496, 21055, 24936, 10972, 1722, 9896, 9683, 2779, 2294, 10016, 26602, 22230, 13966, 180296, 15104, 8922, 11065, 16314, 18885, 40508, 9708, 11370, 12508, 25462, 18734, 44321, 58062, 2176, 20857, 22617, 75386, 2185, 10696, 2034, 21538, 590978, 31016, 32567, 12537, 463074, 16180, 11521, 21028, 27327, 29756, 20115, 30295, 589871, 22874, 11576, 9838, 43802, 9660, 15393, 248, 449459, 12502, 66092, 10373, 13766, 16380, 12103, 11313, 9398, 45864, 10866, 34549, 9778, 17918, 16121, 8968, 223702, 1623, 40932, 3580, 16769, 366142, 1716, 3172, 17708, 114980, 528465, 1018, 25641, 16767, 11380, 984, 14811, 55727, 9585, 14267, 45929, 768, 2100, 11091, 256591, 9081, 167, 27477, 27444, 141, 10034, 11457, 10778, 67385, 11456, 585, 12230, 23949, 336004, 9889, 10053, 671, 20794, 11469, 14369, 1535, 332278, 1999, 12472, 11834, 16085, 1058, 16441, 522162, 31037, 10656, 28, 331482, 14584, 58886, 72277, 5781, 862, 11033, 28665, 8738, 3604, 6974, 10649, 17182, 17689, 9960, 33525, 27591, 161, 42160, 10650, 8007, 19076, 50562, 13503, 161, 540409, 31064, 31682, 8342, 4886, 271561, 23111, 433763, 11397, 1903, 11889, 82811, 9523, 9428, 1649, 11938, 24264, 26978, 19209, 8386, 12589, 12312, 11232, 120, 11086, 453, 11414, 223702, 5052, 37257, 8489, 855, 12660, 10269, 5279, 10950, 1365, 6440, 6037, 61418, 11857, 6312, 11595, 24166, 10170, 661901, 848, 9610, 15035, 4965, 11891, 11888, 150, 112, 20678, 15050, 10423, 57976, 651, 9679, 18647, 11362, 2637, 10229, 12659, 16990, 35650, 19, 11447, 16550, 13915, 34723, 31674, 20009, 2084, 74692, 45240, 11870, 9884, 11484, 1875, 11212, 365045, 21845, 11528, 931, 15392, 10592, 8470, 16690, 39939, 9272, 14778, 19137, 32499, 33668, 4520, 11698, 10052, 11979, 13791, 9991, 480, 44340, 18984, 13341, 15999, 614, 2752, 10590, 22910, 42517, 13225, 13009, 18646, 13950, 2135, 965, 82679, 54287, 32030, 29343, 27458, 14807, 39543, 30924, 390253, 24825, 582186, 582186, 425, 1576, 5851, 25014, 15647, 2252, 1391, 18172, 31805, 10627, 42750, 27930, 7304, 28124, 15119, 12705, 11006, 15120, 21629, 36586, 6020, 39541, 18292, 15028, 9275, 4547, 6723, 29135, 1791, 284294, 22784, 24585, 17990, 11560, 11452, 183662, 35944, 26851, 441924, 11590, 1537, 12149, 11812, 35080, 441, 8346, 5176, 2565, 13477, 6393, 12154, 11630, 21970, 11892, 9334, 10491, 18079, 35337, 59199, 11470, 16643, 1282, 380, 11468, 26030, 10164, 17612, 40555, 28384, 27094, 56179, 5203, 13201, 9689, 315635, 55106, 39154, 24767, 33796, 12227, 10985, 2251, 2894, 14117, 38360, 28907, 245, 1894, 490001, 9026, 15417, 28577, 13963, 1957, 320, 9023, 27834, 17734, 13911, 53229, 4614, 12277, 15677, 13153, 811, 3132, 9583, 18408, 13245, 2501, 9637, 12100, 16857, 333346, 10394, 27451, 15813, 18905, 14774, 17898, 424781, 681734, 30194, 10169, 13909, 41805, 35696, 11544, 180, 9555, 57022, 17710, 2022, 50035, 9719, 11982, 12251, 88818, 30114, 21972, 608, 59387, 26290, 17043, 6278, 4147, 16664, 14651, 15096, 9026, 543540, 14902, 72190, 11442, 1364, 8869, 8665, 10996, 818, 29047, 39141, 33152, 6404, 19133, 24130, 23728, 3780, 10786, 8764, 13908, 2675, 7511, 9488, 9962, 9573, 7451, 2750, 43772, 20337, 34070, 10081, 11484, 11692, 9266, 3640, 30072, 9357, 12771, 318044, 348893, 26942, 97447, 11243, 19975, 18823, 9595, 46878, 24750, 9941, 39833, 10859, 9544, 31514, 26056, 13536, 20616, 16806, 18405, 698198, 10611, 12770, 4108, 55903, 9685, 16370, 18913, 14361, 18943, 32685, 9793, 659450, 29515, 41582, 34086, 11504, 19049, 5516, 32961, 32568, 19460, 575, 10550, 9034, 9093, 9039, 11332, 63483, 11652, 11013, 698296, 54714, 11529, 10771, 31005, 2110, 15173, 9533, 4107, 10575, 15720, 9260, 21828, 39465, 124905, 24348, 19140, 37606, 11868, 12921, 19953, 12719, 370663, 37964, 7501, 1809, 13768, 10994, 1430, 19973, 447404, 8051, 12779, 1613, 565, 14112, 15192, 21925, 30309, 400579, 12647, 76826, 11009, 10805, 17496, 5917, 31278, 44932, 30709, 19429, 11340, 11644, 6399, 346170, 26560, 31679, 12237, 12237, 12579, 85058, 25113, 28893, 11646, 428449, 21764, 37936, 21874, 339843, 16471, 39874, 25468, 195589, 31646, 14269, 101, 9645, 9012, 13098, 13440, 12454, 1360, 13441, 36557, 11905, 147441, 31918, 19662, 8427, 9021, 9280, 65, 10712, 672, 16351, 542, 30192, 11617, 81530, 34341, 11880, 1377, 253161, 12716, 12717, 13888, 10750, 25566, 13386, 9538, 49934, 42371, 11524, 36669, 17187, 10426, 32625, 8198, 409700, 13376, 15074, 2103, 9016, 28145, 27070, 327, 66091, 6007, 43947, 25284, 35612, 185567, 9932, 1730, 2757, 7299, 4241, 109513, 17360, 38849, 232731, 40219, 16363, 16096, 42124, 17590, 13497, 11852, 7303, 201, 2755, 21868, 10856, 18602, 121, 25838, 1429, 13435, 3131, 2642, 11022, 9491, 2149, 20139, 19067, 14931, 11317, 417261, 8392, 12232, 11706, 26946, 9656, 60990, 16993, 21332, 640, 10895, 1574, 44115, 24238, 29339, 423, 16225, 262, 15395, 4912, 23626, 12090, 36273, 9582, 10628, 11078, 598, 43886, 11222, 13199, 8073, 15278, 14667, 15734, 34148, 53027, 26252, 24742, 5968, 10727, 9045, 9082, 918, 61807, 7514, 54008, 12253, 9358, 1647, 527865, 21189, 10894, 28528, 12490, 15802, 10724, 585244, 81001, 10150, 16407, 8288, 15600, 11949, 42130, 487083, 25872, 14645, 21923, 648795, 17132, 59533, 29702, 24830, 9699, 335983, 47955, 278774, 9919, 6038, 9480, 14873, 13132, 1956, 12112, 12139, 24883, 17264, 33364, 59401, 22233, 4952, 991, 4911, 16072, 11615, 11635, 102, 14293, 105024, 10623, 315635, 21867, 49680, 6524, 11244, 23834, 10678, 9567, 979, 13819, 1591, 24186, 455, 10632, 10929, 16229, 12079, 36362, 23159, 15347, 37258, 8996, 17729, 12157, 88751, 10293, 435435, 45129, 42618, 41164, 9557, 6171, 13691, 11523, 14675, 10782, 9341, 9776, 10735, 16425, 25461, 51927, 12516, 556251, 17057, 6016, 8409, 1817, 11299, 21052, 7294, 9506, 14290, 24982, 2662, 12093, 11817, 24621, 13370, 8326, 13411, 11516, 10180, 994, 66918, 10514, 401905, 14308, 9930, 107569, 108553, 12661, 29355, 24961, 10486, 47762, 10743, 2832, 31459, 38868, 15098, 11458, 4174, 18736, 36658, 46989, 20689, 13438, 15394, 10708, 80299, 22958, 578908, 10989, 1816, 17667, 17464, 15259, 10515, 428081, 34857, 604, 10720, 51230, 1555, 33875, 310, 5146, 14940, 12544, 12, 9654, 9902, 2260, 180296, 584, 1088, 5921, 39084, 43239, 29427, 51391, 50285, 10874, 285783, 147729, 15462, 43828, 47715, 12629, 21027, 2798, 36807, 31920, 11916, 14551, 667082, 14878, 8092, 290, 595975, 11866, 42541, 459992, 47684, 2263, 17770, 33, 14817, 41426, 41791, 13537, 43516, 32489, 10152, 31246, 11375, 17813, 170, 9471, 9581, 216, 82654, 113739, 52758, 9444, 9598, 18722, 33454, 19753, 71112, 6949, 1927, 10327, 14411, 296, 302, 22, 8698, 62049, 17920, 32235, 8961, 17403, 9486, 20439, 3472, 537466, 25921, 50081, 11894, 20726, 24558, 12649, 24356, 1996, 4464, 12279, 9104, 13567, 54580, 4613, 12530, 45096, 24993, 18030, 12230, 5185, 10553, 21512, 6949, 8273, 8046, 50350, 8094, 26195, 10330, 9257, 9499, 17180, 15292, 41206, 33954, 43158, 833, 26755, 3101, 6466, 20210, 2055, 11770, 14926, 2771, 10923, 17745, 21989, 10066, 41759, 8992, 482273, 11206, 686742, 433617, 636, 11898, 75535, 44585, 505177, 9362, 486589, 936, 12268, 10999, 6114, 4593, 34044, 626273, 3782, 36629, 2891, 20815, 19433, 233443, 10610, 2830, 15920, 21413, 1967, 33255, 11351, 333, 22200, 13778, 1415, 31094, 298584, 7270, 1428, 17906, 153, 33320, 61054, 27590, 14603, 10617, 10618, 10619, 11293, 485415, 14030, 2687, 19064, 25241, 28942, 10739, 12767, 22309, 13156, 277, 9707, 36791, 7288, 10159, 10934, 5653, 321, 20, 5168, 9662, 837, 20303, 19666, 821, 1358, 11475, 316632, 16563, 11703, 891, 83714, 11962, 10881, 653022, 11806, 10438, 650, 10337, 8446, 9874, 29161, 21627, 4543, 11046, 11707, 7442, 14425, 6723, 16969, 13339, 28761, 622157, 9871, 33258, 33783, 11364, 39916, 31634, 43742, 13188, 12772, 298533, 18900, 73265, 3087, 14282, 11502, 21219, 2116, 1584, 2056, 4997, 8439, 322, 11059, 11775, 24, 11329, 9373, 1550, 299038, 28200, 10629, 10944, 9839, 89185, 4256, 10009, 57585, 9654, 1376, 31397, 20312, 17182, 31206, 28658, 897, 11657, 10922, 13537, 605, 452189, 10719, 23995, 1277, 508, 11846, 50314, 10715, 8619, 21525, 14892, 15600, 10588, 4970, 470, 11042, 10147, 10756, 9562, 11012, 279714, 47177, 158413, 9556, 13581, 19184, 24203, 8996, 4823, 10168, 10234, 14022, 860, 48035, 179778, 47333, 4701, 423394, 31510, 27227, 8289, 5698, 6472, 5143, 586347, 8010, 10410, 47095, 10407, 9292, 11549, 383121, 10804, 9319, 1643, 2007, 35685, 2612, 3112, 2611, 1825, 10538, 11092, 57214, 1991, 664240, 9261, 5336, 23908, 14671, 11509, 10729, 20763, 2047, 467938, 10021, 227983, 11824, 10034, 20067, 9846, 23719, 483, 10166, 6069, 11018, 11676, 28293, 28292, 3681, 43875, 31798, 331482, 20325, 17687, 10210, 41465, 17641, 12545, 27972, 898, 2000, 321612, 339408, 19120, 11316, 3089, 29845, 995, 1594, 32318, 11839, 916, 1976, 10545, 3062, 12708, 42045, 11610, 4939, 25016, 15927, 40423, 7857, 177572, 13912, 96724, 987, 30140, 81, 11821, 10023, 17209, 11519, 15659, 625067, 440792, 21407, 58815, 10988, 11811, 20043, 25431, 140868, 2742, 523139, 51145, 7942, 18904, 37719, 9063, 10744, 10511, 22289, 10028, 616, 587, 6964, 1792, 3635, 122, 11820, 8696, 12698, 11093, 504, 11007, 2289, 9620, 10601, 3132, 13433, 14844, 37088, 5966, 10718, 377593, 14757, 64682, 25095, 30080, 65012, 47333, 34151, 15797, 9548, 11429, 14815, 427, 3019, 778, 23152, 23567, 22584, 27725, 16227, 980, 16933, 20521, 9748, 5205, 14239, 405, 9696, 4917, 5055, 3059, 23173, 11708, 27329, 17736, 1954, 13476, 11194, 12634, 13505, 14114, 15708, 21301, 20483, 14292, 44539, 1278, 18841, 76176, 298, 11221, 1824, 16784, 11083, 337, 43376, 12232, 2576, 22561, 497698, 14430, 12775, 9838, 2099, 39412, 46506, 8842, 11132, 9352, 615, 11217, 10677, 13572, 338, 2023, 9384, 20663, 797, 535454, 29084, 25955, 258086, 24548, 42989, 17047, 10591, 1586, 11169, 287865, 156, 10433, 43236, 924, 38, 11081, 16941, 9541, 5516, 20304, 11024, 553, 10544, 456740, 11137, 11358, 13573, 10733, 14442, 2122, 25300, 6844, 924, 28026, 10338, 11007, 162639, 4365, 353070, 10843, 393, 8867, 33823, 126117, 10096, 9509, 10710, 11058, 11141, 10625, 7131, 26899, 16428, 652, 8440, 883, 10375, 68440, 11864, 9461, 55059, 17993, 26517, 28285, 10035, 502, 41965, 10347, 30959, 20561, 667, 700, 26976, 36670, 4348, 24650, 20640, 5511, 13936, 294, 11507, 10435, 1163, 34328, 14684, 13937, 420811, 26670, 10940, 31965, 100529, 4348, 988, 370185, 9356, 32430, 16113, 33575, 13913, 17956, 1636, 6217, 18937, 27171, 12310, 56292, 25736, 25389, 13169, 9872, 19552, 2786, 79120, 26133, 310244, 11533, 13179, 523611, 11659, 44098, 5236, 664, 190859, 28030, 1926, 17365, 11474, 10916, 10921, 10941, 479626, 11656, 25009, 116745, 14589, 14594, 14590, 14588, 14595, 20644, 24965, 467936, 841, 1583, 11976, 11069, 10829, 57946, 29049, 27130, 8468, 22682, 11577, 21159, 375107, 11942, 36206, 49636, 3075, 43096, 14262, 277435, 1059, 10034, 13122, 14273, 11030, 76025, 68730, 369374, 11602, 89573, 37821, 14703, 20481, 7090, 42632, 5902, 10775, 199762, 12762, 14510, 15618, 24341, 10690, 13282, 22642, 18283, 13823, 14108, 4291, 241855, 28476, 146227, 9009, 27804, 12232, 3001, 39434, 203, 38749, 29740, 10652, 33632, 3072, 10355, 14554, 250, 19086, 15392, 41277, 631, 25504, 1786, 88583, 98, 48385, 27545, 22718, 11315, 35987, 29146, 29592, 439, 823, 96721, 16905, 11548, 38291, 20532, 2546, 42791, 22522, 5165, 5722, 5544, 14696, 4909, 19185, 963, 20643, 22596, 36786, 27459, 4497, 213681, 15371, 11044, 41662, 19851, 13763, 10498, 11796, 13991, 32303, 41779, 987, 24341, 26319, 41059, 39871, 10178, 16391, 10734, 10949, 809, 435, 4599, 12657, 28219, 13193, 673, 16617, 246, 2789, 8920, 12223, 26254, 8193, 284052, 548786, 65137, 446289, 82696, 40894, 11546, 18387, 352885, 18333, 14698, 28288, 76516, 33441, 47819, 18712, 831, 37658, 26516, 10573, 26451, 54568, 28571, 123665, 43336, 62000, 9372, 41495, 662, 452522, 16559, 31217, 19414, 15794, 14813, 12651, 886, 9791, 6593, 8398, 17820, 37696, 539892, 152599, 10970, 42812, 3019, 10204, 9472, 594, 8981, 12153, 1944, 11036, 27220, 15237, 11939, 26520, 21386, 526933, 25783, 8991, 224141, 3293, 36947, 61487, 14365, 10606, 16136, 6081, 13696, 44494, 103, 2334, 13398, 701, 10631, 43466, 454619, 23724, 455824, 1777, 426257, 26811, 161080, 11884, 558, 80, 9477, 8699, 15157, 585244, 436, 237549, 10754, 2502, 314, 18923, 12206, 68064, 15244, 62395, 24559, 27437, 32294, 41463, 19051, 43485, 62694, 45132, 28438, 5122, 1783, 31522, 22976, 515195, 41316, 5179, 53198, 16703, 20408, 13580, 18706, 34327, 20417, 14462, 14623, 6947, 401, 1436, 17768, 1538, 14846, 2577, 534657, 11282, 11130, 14389, 395, 23601, 10762, 11026, 20120, 11237, 8080, 14797, 11632, 15644, 11208, 16153, 42694, 42164, 12548, 9759, 1577, 16232, 5137, 11823, 13969, 10145, 1653, 747, 27769, 392044, 854, 12707, 1492, 8689, 10555, 11128, 1599, 14024, 103, 14337, 26108, 4380, 3989, 16358, 25313, 2438, 65550, 3053, 18499, 36616, 13416, 1435, 11099, 18701, 15566, 465086, 8849, 9675, 4553, 11109, 48678, 126148, 16131, 176, 1677, 10740, 260513, 47959, 5255, 11184, 11249, 10589, 9801, 866, 2059, 530723, 11836, 1966, 13673, 174787, 2288, 15397, 9550, 163, 36648, 33377, 41253, 33740, 16248, 15613, 28421, 8424, 18889, 10545, 992, 10168, 1405, 939, 25768, 626, 27899, 48365, 111, 39130, 31511, 43904, 228150, 31773, 24807, 22419, 16515, 43864, 1581, 37698, 25095, 38033, 38914, 22387, 27655, 16432, 42879, 43307, 14320, 38166, 29380, 3766, 23566, 33115, 45578, 25209, 9838, 800, 332562, 28696, 121294, 803, 24034, 34528, 690, 36872, 34530, 17185, 174958, 13671, 12311, 601931, 10299, 3763, 7348, 571583, 13187, 29715, 42731, 553222, 20108, 272, 789, 561607, 17905, 127139, 531503, 41212, 9929, 20873, 50789, 13499, 2860, 26606, 20848, 2998, 333386, 9394, 13041, 18250, 27331, 1410, 266294, 604412, 32044, 28209, 16246, 684177, 9385, 10711, 27046, 10538, 38783, 203828, 10640, 33324, 11558, 12535, 475303, 61280, 13481, 13514, 98851, 11537, 10654, 18966, 64353, 346673, 6341, 435, 15251, 264729, 15301, 263105, 48677, 1884, 139455, 33138, 8221, 17663, 12615, 10372, 594707, 10176, 9080, 16082, 14670, 26555, 394661, 14290, 118662, 17421, 22572, 664957, 8852, 64530, 18305, 2501, 49314, 16296, 13192, 12155, 4271, 326045, 16859, 25943, 9768, 31089, 10485, 346364, 41821, 21344, 9399, 11131, 14571, 1662, 20562, 18311, 1483, 25330, 4539, 12776, 17467, 34376, 116671, 6463, 9588, 89548, 271110, 540141, 11621, 185615, 19087, 40082, 31962, 22590, 48150, 41778, 14135, 27678, 12088, 19371, 12664, 7500, 235, 18998, 17796, 17809, 11067, 10486, 19223, 501170, 125824, 30718, 37797, 12613, 506141, 30330, 2061, 556678, 16992, 18415, 8765, 9732, 44969, 2310, 50008, 12095, 14533, 9812, 284427, 336149, 27260, 11508, 83660, 17985, 9597, 12485, 17074, 18491, 29587, 244509, 21348, 2332, 28031, 295592, 43423, 844, 53048, 16234, 365717, 16171, 406990, 17208, 2899, 44756, 18088, 20536, 2440, 10955, 10978, 81540, 605199, 11056, 919, 10046, 10726, 9298, 13899, 437, 9682, 477510, 14197, 10981, 10918, 36222, 13984, 16184, 11427, 417956, 16209, 223432, 69315, 10077, 11430, 22716, 23169, 55931, 12703, 32250, 9282, 10891, 12540, 60672, 24241, 11556, 3177, 19277, 11774, 42658, 4972, 105778, 11606, 12140, 15370, 12496, 29987, 10361, 691796, 25757, 266869, 40876, 11838, 211841, 75638, 12583, 6933, 600, 11064, 10304, 9316, 11647, 1913, 2539, 1816, 10105, 1114, 179, 83, 55177, 576938, 24747, 4836, 8965, 11866, 12281, 10320, 11420, 3396, 5889, 1126, 11658, 11401, 1392, 1843, 291, 8357, 3509, 11662, 13372, 70, 12487, 205, 118, 561417, 421, 2567, 9833, 6478, 9692, 1901, 693, 842, 9953, 11162, 15045, 42420, 1853, 11804, 11354, 47876, 66600, 43442, 33766, 14369, 39472, 34326, 18927, 25350, 16442, 7229, 16220, 10609, 269650, 250480, 9947, 6439, 7214, 42390, 43892, 8422, 305603, 10694, 13190, 8978, 11637, 12142, 11096, 8968, 6961, 31165, 80346, 9794, 661, 29259, 2436, 27430, 34561, 16638, 4935, 8953, 10490, 8488, 32588, 57825, 561, 10214, 17880, 8340, 1942, 70214, 43128, 13498, 581754, 19765, 37527, 29578, 23566, 54302, 9636, 8016, 268143, 10012, 10022, 4551, 30856, 2026, 9928, 15771, 18851, 582186, 36815, 582871, 1093, 438, 24803, 11196, 13374, 9688, 411816, 10040, 11638, 540, 77120, 48463, 26038, 19884, 37748, 22434, 12778, 15283, 158, 5971, 44154, 14694, 42994, 17592, 17113, 187, 14177, 7364, 11431, 39850, 51945, 26332, 547088, 49565, 2029, 44181, 19971, 9674, 7445, 9653, 39225, 1581, 31442, 775, 171784, 7340, 45267, 7453, 10065, 30863, 416480, 16972, 13409, 13073, 8976, 27360, 13020, 11679, 1495, 10066, 1640, 11171, 14750, 53116, 621949, 9463, 26810, 20625, 10913, 38643, 10027, 1895, 9981, 4379, 14694, 20271, 953, 447429, 14358, 12700, 9291, 19316, 921, 10188, 9787, 23825, 787, 14199, 191473, 12109, 13589, 11620, 272, 15767, 15648, 25248, 11451, 11683, 9722, 2287, 1382, 222114, 33908, 276, 12574, 22553, 74, 1667, 7233, 9009, 1553, 9738, 14278, 9522, 14922, 10476, 11309, 31063, 539537, 13341, 1696, 1665, 254904, 11459, 10048, 11648, 15258, 42719, 37632, 452832, 308, 25074, 49805, 6519, 13919, 1444, 11453, 9913, 8292, 13922, 14166, 501, 17824, 11328, 15907, 11848, 43313, 6957, 11460, 381284, 9564, 20874, 14175, 4442, 13169, 9042, 1985, 9335, 9007, 1991, 1830, 10092, 340, 1546, 65215, 10753, 11636, 33015, 14286, 8814, 9923, 7553, 8202, 3118, 1947, 315635, 16133, 10319, 8643, 9315, 3933, 8923, 59, 10949, 15487, 398, 647, 14544, 11968, 14517, 533, 5236, 11344, 31056, 385761, 415253, 5471, 19082, 9763, 10017, 11931, 10707, 9910, 142, 9621, 9701, 13501, 12920, 16608, 790, 2610, 10069, 1656, 6963, 215, 2313, 190252, 8274, 42000, 1951, 10851, 25, 9982, 12877, 11661, 38761, 7974, 46917, 10033, 231, 68098, 17774, 250574, 4348, 10941, 9885, 9392, 674, 69, 557648, 6795, 11421, 16156, 1420, 9005, 13499, 7548, 20345, 116, 67, 411, 254, 1904, 9043, 14695, 27031, 22908, 8047, 29595, 23478, 8290, 8053, 612, 30197, 546, 2800, 9641, 7552, 252838, 9681, 10773, 327746, 13925, 9568, 11400, 37910, 14241, 79406, 38785, 113700, 16433, 650769, 1690, 9900, 9044, 9918, 17379, 10982, 834, 25890, 39345, 85446, 21519, 28638, 14138, 2117, 9912, 1969, 8435, 17200, 13275, 11565, 11283, 31894, 9286, 15363, 292, 1544, 936, 9975, 9754, 10053, 7515, 9959, 14256, 9036, 10073, 7304, 9920, 10025, 9682, 2207, 6877, 14609, 950, 1967, 752, 9655, 9388, 9950, 388, 868, 14191, 18009, 19286, 19287, 1379, 9793, 10067, 35555, 582, 37939, 12763, 13222, 1561, 186, 219, 13751, 15050, 10069, 3093, 254473, 28349, 10177, 16070, 9035, 9957, 9389, 460, 8998, 20521, 4441, 455553, 181283, 455558, 4257, 2652, 9526, 5820, 5915, 588, 9310, 16367, 585839, 956, 9530, 9829, 10115, 10008, 7870, 7518, 9786, 503, 591, 36668, 9767, 13689, 920, 15402, 80919, 38344, 794, 9353, 2044, 9339, 350, 58, 684139, 2295, 9697, 4474, 1887, 13508, 1781, 16270, 10947, 17628, 305141, 7549, 9615, 9513, 20604, 31692, 1452, 7872, 18191, 14474, 773, 21631, 1164, 13141, 35199, 15383, 47850, 9072, 9297, 326, 512, 9718, 1593, 1852, 1262, 82, 1402, 9293, 9906, 1948, 148, 5289, 9782, 9762, 14113, 21712, 7859, 16998, 11559, 1023, 10118, 9788, 11689, 33813, 1491, 1165, 9988, 11652, 13816, 226417, 11227, 33810, 41937, 24055, 9708, 1116, 5072, 1249, 126889, 7511, 13075, 7512, 1776, 980, 10846, 1381, 15097, 564339, 9676, 224141, 9766, 1595, 296098, 1579, 9664, 12094, 25430, 15624, 496, 1417, 4643, 7484, 9842, 1422, 10781, 9794, 7510, 9895, 8975, 9672, 42236, 46774, 10070, 1440, 184346, 1523, 14201, 1378, 9693, 1124, 3683, 6077, 214, 1123, 21173, 11619, 1427, 13767, 27295, 9726, 2152, 14799, 21710, 8588, 36557, 9836, 9809, 7551, 10741, 2357, 1581, 7873, 8324, 5698, 2179, 2447, 1372, 15171, 2486, 1246, 18615, 13210, 12795, 14202, 11170, 1247, 1125, 1646, 232679, 1730, 8618, 1259, 9053, 1494, 182, 1251, 9656, 1931, 13967, 8275, 13771, 11578, 11972, 4283, 7457, 8398, 527385, 1265, 14137, 15689, 13365, 10758, 51863, 13668, 7516, 10075, 9760, 9966, 1257, 1248, 9757, 5206, 14761, 2062, 665052, 5172, 222385, 37725, 13517, 493416, 48138, 1250, 4169, 16555, 11172, 3594, 10090, 7874, 13393, 12271, 4638, 1993, 12554, 512200, 15163, 10845, 1949, 11330, 10942, 27040, 11199, 1271, 43642, 14055, 2267, 393765, 72710, 2977, 16727, 14434, 9963, 14001, 2355, 4348, 7485, 9793, 1273, 326923, 8270, 9955, 10172, 285923, 1683, 1267, 16018, 255392, 1272, 9903, 8871, 8271, 13158, 27103, 6145, 10294, 13067, 1268, 570670, 13280, 559, 1950, 13352, 20553, 13894, 14240, 264660, 50270, 2269, 11798, 1919, 4964, 2976, 1562, 11205, 36676, 810, 466272, 285, 12526, 3432, 14208, 14207, 24200, 5488, 10063, 12225, 298, 11071, 2241, 1691, 1990, 43650, 22049, 9408, 1979, 14043, 10288, 1991, 9952, 17320, 93116, 11211, 161321, 2359, 1988, 3021, 2196, 1571, 2959, 2698, 91314, 675, 3563, 16083, 9208, 24582, 4688, 10074, 579400, 35, 5857, 3638, 8669, 2503, 54546, 312487, 8363, 17350, 5174, 9703, 9750, 10760, 83666, 13068, 14144, 4858, 12435, 948, 11835, 1845, 13958, 2335, 10961, 10071, 12994, 1992, 5176, 4141, 6844, 339103, 4347, 13529, 440, 694312, 12901, 4413, 6973, 4629, 15361, 5353, 2252, 30365, 13754, 6641, 228967, 12225, 7737, 13257, 10030, 5915, 13680, 27098, 2274, 9038, 7211, 4538, 2001, 4517, 4566, 4520, 6615, 4513, 4771, 10759, 14251, 4512, 13197, 2011, 9636, 5951, 15667, 13997, 2014, 663, 15651, 14279, 7347, 5718, 4982, 5559, 7972, 2013, 6977, 4953, 10520, 5503, 5123, 13363, 4515, 2310, 4723, 16768, 24732, 12555, 5876, 4523, 1620, 13483, 2268, 6479, 6477, 7249, 13998, 3902, 82525, 13186, 400019, 7326, 33003, 1989, 13348, 7350, 7979, 12171, 13198, 13885, 6637, 7345, 6538, 440, 6575, 19103, 435179, 14118, 54318, 69315, 6023, 6557, 4787, 7508, 5259, 8329, 2312, 7191, 11908, 31642, 25078, 14069, 14423, 8090, 522938, 7278, 14220, 242095, 11253, 8321, 53094, 13054, 13121, 8676, 8247, 8390, 13641, 7461, 8204, 8328, 12184, 13260, 7942, 13362, 9392, 13493, 505177, 8848, 13460, 12222, 8461, 502227, 71807, 16666, 12177, 13025, 7985, 430250, 13016, 14011, 14793, 14054, 21500, 155, 8456, 8457, 7797, 8065, 12890, 24411, 4942, 31062, 36223, 8988, 7944, 150540, 10488, 11152, 9870, 11918, 1266, 12473, 13335, 8827, 7459, 1729, 10503, 13007, 9017, 25119, 13258, 14236, 7861, 8780, 13359, 8617, 1726, 10761, 12400, 260346, 167581, 9029, 8277, 637, 2454, 17483, 10591, 217, 12808, 4564, 10665, 13636, 9022, 9502, 14050, 14019, 10661, 13848, 585839, 12912, 14748, 18467, 8645, 1724, 13405, 10681, 8909, 8960, 11665, 13019, 10748, 12889, 8359, 13003, 13990, 10842, 12172, 13009, 13675, 14111, 11631, 8265, 177677, 13353, 88751, 11260, 36119, 14456, 6687, 12914, 13183, 12247, 22100, 13012, 12133, 8836, 14048, 18846, 11910, 12192, 16725, 4954, 14061, 352197, 1735, 10185, 10183, 5038, 13851, 14694, 10189, 12289, 10188, 13300, 13649, 7446, 12180, 13107, 13256, 8885, 13310, 12621, 10483, 12620, 10186, 15320, 13515, 13637, 14298, 4944, 13805, 9381, 13291, 14771, 440918, 633094, 13184, 473029, 14458, 13389, 13279, 12797, 9495, 12690, 37776, 13027, 13092, 12182, 46492, 43011, 12783, 12683, 632458, 14976, 12113, 13600, 173185, 13051, 10358, 10523, 13596, 4960, 12837, 13948, 299687, 76406, 25969, 13150, 5255, 16068, 15289, 13809, 13253, 314373, 10527, 8338, 3580, 76341, 12405, 10764, 15373, 13154, 13672, 11224, 14943, 4627, 13655, 46127, 11917, 13523, 1635, 14405, 88435, 21500, 13220, 6972, 13053, 10139, 8966, 9693, 13387, 12193, 14574, 14438, 14248, 145731, 131631, 13056, 13394, 34283, 14447, 10200, 8881, 8880, 240916, 13223, 11499, 8055, 13980, 11321, 12163, 4922, 10201, 2253, 38142, 74, 6936, 10202, 13973, 4148, 194113, 51247, 15584, 13971, 13813, 13180, 14306, 12429, 113916, 649055, 14756, 10199, 10521, 25745, 13635, 14435, 13177, 14139, 15035, 12437, 2309, 18543, 21029, 256961, 303, 14254, 10529, 13510, 14836, 13455, 479455, 10184, 14849, 15060, 13492, 4832, 14711, 609934, 1961, 20829, 30508, 821, 19255, 8832, 13207, 521777, 15159, 20421, 337374, 13849, 6023, 13094, 18781, 16558, 13811, 65754, 13090, 15854, 16325, 15512, 6968, 13161, 13808, 18094, 16991, 16614, 20048, 16258, 55773, 384018, 19833, 132355, 16996, 16869, 16995, 21641, 15092, 17431, 18320, 2080, 21191, 13475, 16279, 11160, 15384, 10946, 30416, 15577, 13448, 179917, 14141, 17740, 13532, 534, 18360, 19375, 21755, 345999, 19955, 17332, 21832, 16871, 14160, 14003, 17927, 13975, 18785, 16164, 17609, 37924, 27134, 64968, 34300, 245703, 14451, 18162, 19724, 18487, 33409, 18240, 17610, 27085, 19508, 12162, 16240, 8284, 62128, 8373, 661881, 19265, 12556, 11322, 8355, 176241, 24232, 10024, 15423, 16440, 19913, 18480, 14207, 767, 232566, 316715, 9592, 8054, 19929, 23720, 22302, 21208, 20943, 21407, 12403, 17654, 24803, 17335, 13836, 18126, 14869, 17134, 13752, 40743, 18089, 15137, 2099, 19905, 24420, 31216, 19556, 6023, 25183, 19585, 41682, 11928, 18533, 22492, 23049, 26914, 26320, 28031, 11281, 290751, 17654, 22494, 37903, 17445, 63581, 19898, 258614, 10313, 653939, 19994, 11323, 12569, 9532, 18501, 22794, 26367, 18570, 18724, 409366, 29963, 30685, 23827, 20178, 514062, 91262, 23128, 12573, 28053, 24869, 36800, 23127, 23202, 22798, 23082, 19959, 19908, 18176, 530723, 11156, 26763, 19899, 21910, 16523, 3513, 475303, 22803, 33806, 24238, 19918, 24056, 30506, 2973, 22947, 86404, 22804, 571079, 24418, 22821, 24804, 14968, 22820, 10315, 14813, 105077, 4475, 24480, 14161, 25793, 11699, 18239, 17774, 28089, 22832, 33273, 2024, 34003, 25472, 7445, 221791, 22881, 15400, 22640, 22949, 16866, 30238, 34653, 7980, 22954, 10198, 27719, 24438, 58595, 12155, 19995, 22897, 10528, 25196, 23398, 26123, 27390, 23963, 22327, 19901, 28178, 25195, 20504, 33613, 283161, 343934, 24271, 919, 81895, 148435, 20107, 21519, 25676, 25205, 25602, 2395, 35888, 57978, 13382, 13358, 15255, 20453, 22894, 23988, 10601, 132372, 13477, 94706, 26466, 8952, 40724, 33602, 33728, 25983, 32856, 7978, 11324, 13949, 24253, 32657, 23742, 11439, 26963, 23172, 26428, 22805, 15357, 18489, 19962, 29427, 22971, 205997, 23023, 20871, 8329, 264644, 12155, 422520, 22972, 26389, 23488, 27583, 34016, 25941, 23169, 15846, 109445, 26623, 31299, 34563, 27573, 12834, 31723, 32688, 31867, 28355, 36970, 34423, 23048, 381283, 10191, 646333, 27936, 18823, 23483, 35056, 13417, 52903, 8980, 25572, 27586, 228970, 2196, 37861, 33217, 36443, 12411, 34813, 35690, 39053, 37169, 39452, 10138, 37931, 4180, 15877, 425972, 377, 37495, 37565, 389, 375588, 21245, 34626, 37511, 36801, 46705, 37821, 26388, 30527, 9543, 40247, 25846, 198306, 37786, 32823, 38199, 34806, 37707, 37056, 29917, 20533, 34544, 10193, 198308, 39013, 32068, 21531, 10192, 39545, 40819, 24021, 34647, 10196, 299534, 76180, 16023, 34851, 37659, 20352, 27205, 38365, 27022, 37834, 38575, 39781, 73861, 40850, 40662, 27576, 324776, 39768, 31011, 38778, 36274, 25335, 37472, 38843, 7233, 27581, 53190, 39414, 27578, 22538, 26280, 38150, 24831, 35552, 44718, 41479, 28609, 38358, 266294, 2105, 14158, 37905, 10261, 23631, 38073, 35791, 9880, 37799, 85692, 673640, 37735, 38167, 301846, 43939, 15179, 43949, 33909, 41216, 43923, 38842, 12155, 41402, 45745, 39486, 44040, 38303, 38408, 42296, 38031, 671, 44639, 585, 42188, 1491, 16344, 45649, 16290, 39312, 39440, 39514, 44716, 251518, 41436, 457308, 44603, 38234, 41439, 41733, 44115, 38055, 44214, 41058, 44048, 38357, 48303, 43539, 39210, 45958, 36940, 12444, 45269, 38757, 209247, 11667, 41556, 46420, 45324, 47979, 48838, 42684, 38117, 43347, 10140, 37710, 48395, 43919, 46503, 44264, 20526, 42888, 46829, 44129, 54178, 417008, 46788, 41283, 35138, 27585, 18635, 39451, 38745, 50071, 42297, 51739, 46838, 41515, 46138, 40805, 529485, 667583, 23047, 43950, 49849, 14556, 40619, 52013, 44564, 43810, 578908, 51876, 89704, 22843, 43947, 53596, 52844, 54293, 41630, 50348, 56590, 120843, 460229, 148432, 48138, 52067, 45772, 50204, 18438, 39513, 37618, 639832, 556678, 47327, 44896, 50725, 550668, 38050, 278924, 48988, 376530, 46529, 44943, 28874, 56831, 36540, 50321, 47533, 72185, 26011, 47931, 15362, 50546, 59490, 49730, 38322, 45132, 46146, 45612, 47333, 23629, 58232, 13413, 58496, 278427, 49018, 49010, 55725, 48650, 324553, 60307, 53172, 50359, 64484, 15021, 58857, 50456, 185671, 54527, 23521, 46105, 9477, 41446, 46195, 62215, 10195, 45523, 30969, 56780, 24447, 3309, 167966, 55787, 57586, 51209, 51497, 241619, 42521, 46738, 43959, 49022, 55721, 38321, 644978, 1865, 59436, 217669, 8967, 45243, 548259, 21469, 49950, 59678, 529485, 51533, 49444, 49538, 12105, 70862, 45658, 55347, 37686, 92591, 44912, 56272, 58224, 52449, 38356, 59861, 38319, 65034, 22907, 73884, 38317, 227159, 49013, 24792, 67109, 64780, 59860, 12445, 64690, 1771, 50646, 51828, 67913, 51162, 297762, 28039, 13931, 41513, 50544, 50004, 55846, 57361, 59968, 209802, 51620, 61791, 51993, 49520, 14831, 62206, 39413, 55779, 55465, 46261, 11797, 55420, 44835, 52015, 48289, 62835, 55244, 63311, 9387, 16335, 40016, 69798, 48572, 72744, 70868, 65055, 39538, 60308, 55785, 550348, 71689, 18093, 24428, 49517, 191118, 48231, 59440, 10316, 74725, 49021, 58699, 40807, 63375, 74643, 17281, 59852, 64720, 58878, 37239, 39254, 68817, 1091, 451915, 76543, 50837, 71859, 10005, 23566, 49530, 44754, 72113, 50839, 72571, 72432, 58233, 59965, 53487, 76025, 63492, 252004, 69735, 77801, 417859, 59108, 88794, 338967, 17578, 40658, 65229, 75964, 44826, 37958, 71880, 77365, 329303, 506574, 60420, 64328, 50619, 57212, 23514, 13060, 302861, 15157, 30618, 57431, 64685, 45708, 9369, 9642, 65759, 51052, 91550, 70074, 76163, 372343, 131631, 49026, 49040, 58574, 101173, 57157, 62838, 56292, 74465, 65754, 399404, 17379, 55301, 51995, 80038, 59006, 77866, 151857, 75301, 63574, 71688, 72842, 281957, 52520, 216015, 49527, 394661, 70435, 31337, 65760, 15044, 50357, 74998, 72431, 76758, 77338, 54054, 58428, 417859, 50698, 76726, 65086, 665040, 64678, 472158, 13976, 59961, 72570, 80379, 25688, 78480, 84200, 73700, 72545, 51999, 64029, 179672, 71676, 21634, 54507, 59017, 51875, 271110, 59045, 57243, 52454, 45569, 25831, 210577, 57214, 73723, 73937, 75674, 9958, 59962, 49529, 74387, 63493, 64688, 82532, 81796, 67748, 61984, 80767, 82533, 81025, 57165, 74308, 10679, 74777, 71552, 94329, 22970, 74306, 76489, 70436, 347924, 35019, 62764, 44833, 74534, 91356, 9517, 75802, 31967, 37467, 72207, 184098, 77877, 72387, 62213, 89326, 40161, 26815, 76493, 28500, 41154, 58595, 86812, 77561, 72197, 70981, 111440, 92591, 12645, 86555, 50647, 83666, 80389, 13640, 72358, 84332, 80321, 84355, 559800, 39145, 22855, 116776, 39100, 62177, 13313, 63193, 368065, 13761, 76494, 81836, 72331, 89874, 80585, 88005, 13042, 13932, 13933, 214756, 77930, 39103, 24752, 39104, 34433, 95516, 1930, 39105, 57800, 84175, 82525, 37233, 40770, 13929, 80468, 10874, 80035, 554188, 84165, 73567, 44251, 39106, 14863, 14813, 52906, 13930, 103332, 861, 103747, 56909, 39323, 39324, 18095, 76696, 37724, 58383, 77953, 85414, 82696, 84327, 77174, 82650, 98357, 76360, 49526, 71864, 82633, 71668, 631733, 84334, 293386, 293386, 83403, 83660, 72358, 254470, 89708, 67166, 59967, 87428, 84329, 71679, 100529, 68722, 49049, 77016, 84348, 84892, 514847, 103328, 82675, 82505, 45397, 85735, 86597, 80271, 97365, 90125, 62214, 82507, 92171, 76492, 110354, 71723, 68734, 86838, 84306, 75736, 80280, 99770, 82990, 94348, 83542, 72867, 61012, 87826, 126797, 64689, 84287, 113947, 84341, 82690, 82693, 87502, 96724, 87827, 97430, 123105, 98631, 65851, 80215, 123025, 72976, 9273, 73935, 50620, 58547, 60747, 81188, 101519, 97614, 102780, 140420, 19274, 18867, 112336, 83389, 16392, 25539, 10044, 34280, 110392, 49051, 87504, 40722, 97630, 139567, 82654, 9902, 77875, 82687, 75780, 68718, 89492, 41153, 44470, 353081, 586863, 16315, 88042, 75761, 586863, 133694, 118628, 254779, 76617, 82682, 68812, 489412, 123025, 135921, 105538, 76640, 145197, 84336, 210910, 85872, 87818, 128190, 117974, 60304, 146837, 118677, 977, 58244, 162145, 18912, 121824, 109421, 109431, 87436, 109491, 47964, 107811, 112949, 15087, 123678, 122857, 68179, 132344, 134411, 145135, 130739, 170657, 28090, 81005, 129112, 59255, 43650, 72559, 86825, 68728, 49519, 124459, 481848, 117263, 84199, 55892, 97367, 127867, 173153, 72710, 144340, 109428, 68727, 153436, 75612, 59963, 109410, 110420, 127517, 13647, 42699, 134374, 394355, 121606, 84204, 76589, 134112, 109414, 68721, 174321, 103731, 25117, 165739, 232801, 72525, 64682, 54138, 613130, 16150, 27861, 20803, 77987, 109439, 82992, 116711, 271110, 86282, 2077, 197481, 42151, 121986, 104755, 119675, 130824, 86843, 82700, 75656, 133463, 529485, 91739, 49521, 156700, 158015, 174188, 159014, 96936, 62211, 160085, 80518, 103620, 120292, 68726, 177271, 617565, 53928, 72190, 68724, 93456, 117251, 107985, 278, 949, 57201, 42602, 159117, 152792, 157386, 157375, 205321, 178946, 111969, 30963, 157354, 49524, 179111, 138843, 77950, 15257, 172533, 146216, 198062, 192126, 136400, 160588, 421635, 58447, 185574, 76285, 77931, 177699, 76544, 21683, 138832, 109418, 59859, 87421, 151960, 158999, 149870, 115782, 132363, 157360, 122906, 30061, 83899, 147129, 146227, 49802, 17282, 49047, 212716, 115199, 146233, 156711, 91586, 96721, 481084, 169813, 278154, 129139, 121676, 129670, 209263, 138697, 157820, 77792, 157409, 172828, 146238, 152584, 109451, 109424, 51985, 106747, 85889, 107846, 55370, 7340, 173495, 109091, 158752, 338967, 76203, 152747, 80274, 273641, 76338, 152532, 194101, 137093, 205220, 203833, 101299, 57158, 64686, 146239, 41602, 15089, 313106, 80662, 109445, 86829, 106646, 204082, 192136, 75629, 174311, 212063, 168672, 116745, 152601, 39260, 14813, 193756, 140823, 40897, 87516, 209232, 109443, 110415, 37129, 20894, 611468, 166271, 158990, 27190, 180894, 676824, 10947, 64807, 13194, 152603, 536869, 13632, 122796, 204810, 126963, 243531, 159128, 39102, 477531, 39148, 168530, 137094, 157350, 6418, 126319, 57800, 585244, 157099, 249397, 679796, 297762, 152760, 137106, 5548, 209247, 249397, 74461, 197082, 99367, 157834, 137321, 146375, 103732, 210047, 17684, 249923, 18169, 120467, 84319, 21474, 225565, 157336, 192102, 353486, 225574, 619262, 198375, 53182, 202141, 242076, 82703, 97370, 136797, 242042, 177494, 209403, 235260, 83201, 134350, 236737, 100402, 86834, 227783, 262, 155084, 145220, 1544, 256561, 209799, 180299, 25706, 102382, 157832, 157547, 249660, 244509, 172385, 262481, 214030, 157353, 167575, 193610, 184345, 12242, 254473, 210479, 195589, 258096, 252680, 240832, 127585, 124905, 187596, 188166, 212778, 210947, 232672, 198277, 102651, 254474, 194722, 137698, 188161, 137113, 177677, 20880, 198185, 174323, 192133, 255268, 248212, 222935, 82881, 157851, 187017, 156022, 82702, 194662, 85350, 184098, 209451, 27460, 250658, 91314, 171372, 180296, 10028, 218836, 226486, 591216, 242224, 244786, 210577, 152790, 119450, 184346, 253235, 225886, 244267, 238636, 283995, 242095, 138103, 184315, 157849, 244566, 209269, 239566, 229297, 253306, 228194, 242643, 192623, 449443, 76757, 98566, 273404, 48347, 227156, 174337, 286709, 193893, 242022, 211067, 189, 249164, 23604, 220289, 256274, 242090, 403605, 241848, 4348, 254191, 154400, 173185, 244772, 27286, 198663, 244506, 169917, 244264, 32891, 230779, 284427, 149871, 239678, 15916, 190859, 246403, 254375, 149509, 396422, 286554, 49017, 227300, 262543, 244761, 206487, 146381, 48585, 246741, 458156, 208869, 205587, 295538, 228150, 534, 239563, 289727, 242582, 177572, 228326, 624808, 273271, 264660, 40081, 234862, 251232, 116440, 8996, 13669, 14372, 44092, 185567, 238628, 260001, 256092, 79723, 11101, 241842, 37133, 84111, 77067, 205596, 171274, 244403, 131631, 295315, 147441, 435044, 17009, 21811, 100042, 206821, 261037, 301566, 17808, 266856, 282848, 263614, 10258, 110416, 205775, 303623, 135397, 215032, 293310, 11047, 294538, 227159, 45335, 10473, 25518, 270946, 252178, 75491, 284293, 116149, 294254, 79218, 639250, 611914, 250798, 297596, 123107, 17135, 270005, 245916, 15261, 71506, 504172, 122917, 273895, 227306, 246080, 22285, 277547, 24388, 137347, 252171, 20147, 32916, 265177, 5915, 284296, 308571, 87093, 224141, 607, 228967, 207703, 191489, 181533, 384521, 120605, 68737, 298533, 19946, 286532, 92321, 382036, 198184, 265297, 262250, 260346, 201088, 126644, 294652, 87101, 86705, 27317, 27118, 267573, 14749, 43192, 50327, 13654, 244688, 250225, 256876, 270303, 287084, 19254, 26190, 46967, 32836, 14862, 102517, 30178, 14407, 84575, 2576, 47003, 256740, 80985, 76341, 280092, 140607, 665, 68735, 99861, 166426, 141052, 102899, 9738, 293660, 284054, 299536, 284053, 283995, 271110, 284052, 246655, 429617, 268171, 31981, 36983, 5689, 252360, 284276, 48132, 592037, 114735, 279828, 72585, 284536, 108181, 210860, 216015, 27850, 34560, 48874, 36129, 159704, 250066, 593, 398792, 302429, 272693, 9032, 9948, 20875, 227719, 321594, 504562, 249688, 309299, 309245, 309503, 232572, 245706, 319075, 318224, 406990, 194537, 125336, 13510, 308638, 308639, 308369, 308024, 308032, 110390, 72784, 307663, 653528, 102959, 27866, 216553, 289333, 89292, 273248, 251016, 265208, 286565, 252838, 290999, 241251, 263105, 377275, 248933, 37058, 206296, 201085, 300803, 17870, 11393, 105554, 117098, 259395, 10028, 15567, 243938, 269711, 13590, 286873, 325358, 2788, 24803, 256591, 119569, 268238, 13643, 290764, 228203, 239573, 196750, 241554, 279972, 112454, 11224, 228968, 238215, 396754, 10601, 252512, 27036, 262500, 39385, 213110, 661881, 245703, 266396, 168259, 293970, 241855, 305470, 13015, 184155, 32334, 257091, 305091, 238302, 27359, 24696, 35428, 237756, 298093, 44664, 46836, 263109, 308504, 246569, 321528, 268523, 304357, 320996, 228108, 30296, 158852, 335145, 253303, 256961, 278990, 300669, 14572, 278316, 228205, 254936, 313074, 319389, 256924, 50794, 192712, 332340, 254128, 284537, 300302, 268159, 249070, 351788, 275601, 306482, 301728, 254470, 258099, 258480, 31139, 149631, 254320, 256057, 287424, 268920, 223485, 171424, 248574, 5061, 25973, 207468, 259954, 20870, 413788, 25936, 286217, 333381, 251516, 20963, 310593, 334074, 318256, 27937, 10986, 20359, 592834, 271718, 17381, 280276, 24615, 314399, 188222, 321109, 343371, 86541, 53210, 150540, 307931, 250556, 271714, 131634, 257344, 259316, 11796, 74849, 280996, 412117, 18839, 238615, 274854, 287903, 297761, 47933, 188927, 282555, 37588, 41378, 141131, 214756, 86828, 211672, 10450, 36692, 105864, 261023, 206647, 17922, 72886, 331446, 16390, 12902, 119321, 36972, 20720, 34509, 34513, 14092, 261414, 74510, 60293, 300685, 85860, 81003, 321697, 11316, 296099, 250574, 254024, 324333, 239568, 312796, 317744, 240483, 309887, 33723, 38918, 217412, 660549, 79698, 209112, 128767, 14228, 88673, 331781, 253622, 29419, 264999, 278927, 698613, 303857, 203801, 337879, 287689, 285783, 300671, 158182, 301748, 299245, 240566, 10070, 335970, 153967, 60843, 182560, 14711, 329134, 281957, 282984, 21784, 326215, 307081, 273481, 284303, 346592, 283350, 291270, 318781, 212168, 253344, 30459, 329289, 235778, 257211, 27412, 624808, 264644, 277546, 328425, 25161, 310131, 296313, 351964, 281979, 625651, 298312, 290751, 143634, 343295, 332270, 261392, 277216, 310133, 314095, 308084, 258284, 50162, 274479, 333339, 228066, 283995, 48297, 273477, 245168, 253255, 310135, 287241, 323272, 11976, 323373, 306819, 241843, 27924, 31648, 27935, 46010, 57778, 42275, 31648, 324308, 313922, 283587, 317981, 295884, 2798, 230896, 263472, 200770, 32285, 303991, 327389, 10317, 254302, 296100, 334538, 285840, 253412, 330764, 314365, 245698, 325348, 295964, 315841, 18303, 296065, 233063, 325889, 277967, 159824, 330206, 13968, 309809, 301228, 330112, 297762, 339988, 68730, 296098, 316042, 273197, 244316, 359364, 319996, 323792, 270487, 319073, 318917, 259985, 230211, 333287, 33, 225886, 11459, 4912, 257445, 304372, 253414, 218784, 294963, 329020, 298382, 291343, 294016, 34729, 74836, 43734, 321741, 227973, 36693, 27940, 45227, 493844, 288171, 13986, 315465, 312221, 91417, 324325, 367326, 339527, 360203, 53179, 39850, 19100, 9437, 126846, 83456, 126850, 270393, 126846, 584549, 584549, 317182, 315623, 315620, 282963, 317190, 335209, 282758, 321751, 63441, 48300, 104515, 339751, 299687, 364067, 340275, 300693, 323656, 318846, 333088, 347969, 367735, 176, 31943, 237584, 26736, 5137, 329833, 259694, 201223, 26702, 279690, 282069, 282070, 125464, 340666, 356486, 274167, 266294, 362886, 140300, 4174, 102051, 344041, 256687, 58431, 302026, 354216, 325173, 379170, 14136, 371759, 272548, 137113, 284514, 326094, 323675, 312669, 319888, 222619, 331962, 273899, 3035, 340255, 335778, 329004, 291870, 21266, 333377, 51482, 77294, 300673, 18874, 348089, 205584, 336808, 10483, 333371, 267860, 269149, 279641, 258363, 267193, 332721, 92060, 176079, 11706, 354251, 365222, 353609, 148184, 371645, 44351, 77248, 46632, 16403, 332721, 334495, 383809, 301365, 140554, 333352, 559969, 333385, 55495, 315664, 302688, 314029, 186759, 342521, 254952, 387893, 295699, 369557, 14113, 370755, 290595, 325133, 57214, 301608, 376570, 24784, 49381, 1659, 1652, 353326, 366901, 7237, 303858, 326423, 127380, 323676, 454640, 327536, 332411, 384737, 302401, 34935, 234004, 386891, 380254, 245917, 290250, 383121, 3786, 44238, 14575, 332567, 13099, 290098, 241259, 267935, 359871, 223702, 13125, 387398, 384798, 334533, 374475, 293670, 83501, 337154, 291805, 396292, 339397, 37433, 347031, 389053, 5434, 308531, 318121, 341012, 10210, 359909, 68179, 400608, 259693, 245913, 620, 302699, 377462, 30948, 267192, 68309, 324668, 278348, 90351, 258489, 316727, 316023, 278154, 345911, 294272, 340611, 337874, 359412, 399106, 274504, 280127, 337703, 539364, 328387, 423544, 363676, 118430, 404022, 44510, 16909, 325789, 308266, 403232, 382322, 376659, 338766, 390734, 300669, 19994, 390989, 376660, 337674, 550446, 376482, 333484, 376867, 213681, 313297, 95610, 296524, 283366, 346685, 302946, 374617, 357786, 21014, 315011, 51162, 36163, 398818, 76669, 296193, 401650, 324786, 408546, 211193, 28966, 351211, 284564, 410199, 329865, 332210, 339116, 325385, 375366, 298583, 411009, 377492, 392820, 55504, 379990, 402193, 313369, 407806, 394822, 207932, 331313, 406992, 377448, 343611, 421854, 413770, 29136, 334541, 334543, 419639, 413279, 338964, 413361, 10861, 339396, 33065, 419546, 393764, 244786, 77304, 279229, 378064, 277834, 384682, 365942, 330459, 381288, 346672, 376290, 274870, 381284, 393457, 310307, 356305, 335797, 411019, 1726, 121856, 381289, 87852, 520596, 345922, 146836, 404378, 324849, 367544, 359540, 423122, 211387, 362584, 24439, 432959, 362585, 324552, 419430, 263115, 293167, 180863, 416477, 334532, 19761, 321612, 295693, 376003, 398818, 414425, 9323, 437752, 341174, 435351, 394269, 381064, 378018, 11795, 26797, 367147, 305470, 126889, 334521, 9711, 14611, 185789, 444705, 417644, 353569, 444706, 74336, 129229, 400928, 268859, 72215, 339846, 373569, 564, 36968, 337339, 419700, 385805, 397442, 268531, 418078, 260514, 15314, 596683, 425751, 430830, 639771, 455601, 20211, 371859, 68555, 19625, 399019, 339403, 387426, 329534, 397422, 447818, 430423, 391663, 37022, 55728, 44015, 296100, 263029, 448448, 503718, 324852, 145760, 213321, 72203, 77759, 77762, 364150, 149381, 390319, 160046, 195065, 24660, 24357, 24914, 34859, 281338, 401246, 396398, 354287, 433092, 454361, 456193, 339964, 327253, 390410, 165095, 193216, 126854, 31608, 390587, 38745, 595799, 341013, 6079, 336890, 431555, 374720, 64847, 510154, 312174, 4780, 582186, 429200, 37991, 345914, 399170, 353491, 396422, 79701, 346364, 70061, 196649, 91673, 72199, 14787, 378236, 351460, 395834, 461634, 339692, 390043, 696304, 7014, 411516, 433410, 28469, 460135, 343668, 680820, 335984, 335777, 586586, 258357, 381283, 432976, 420707, 569547, 77557, 337170, 390407, 274855, 468366, 413594, 359940, 391713, 392044, 354912, 367304, 585244, 44296, 103008, 472424, 16275, 303854, 346648, 475759, 4835, 402897, 339877, 524942, 480409, 353486, 298718, 429733, 337556, 429189, 396493, 353575, 413362, 399404, 181808, 431530, 399055, 396371, 406997, 419680, 694, 469019, 371638, 446354, 363444, 316029, 364689, 479269, 470616, 400617, 482004, 490928, 49809, 152047, 128756, 188763, 24362, 300668, 485517, 124117, 487156, 34220, 400106, 399035, 488223, 926, 494368, 406563, 31615, 121870, 445571, 336843, 399174, 422615, 497520, 433310, 17571, 110775, 384521, 505476, 268171, 338970, 426285, 458737, 502616, 395990, 407451, 624808, 447332, 399360, 419831, 370567, 456750, 437557, 268896, 427641, 351286, 260513, 383498, 348350, 490003, 424781, 363088, 483184, 458423, 455980, 297725, 447682, 18467, 353081, 500475, 111196, 487558, 445651, 453203, 487541, 364002, 479871, 12620, 460631, 526574, 71172, 255413, 297825, 333623, 360617, 432131, 445030, 479308, 483455, 37891
 